10 3300
11 2500
12 2400
13 2800
14 2900
15 3600
16 3100
17 3300
18 3700
19 3600
20 7100
21 5100
22 5300
23 5100
24 5400
25 6100
26 5900
27 6200
28 6400
29 6800
30 9200
31 7600
32 7900
33 8600
34 25400
35 9200
36 9700
37 11800
38 11100
39 11100
40 13600
41 12100
42 12800
43 12900
44 22600
45 14600
46 15100
47 15500
48 15800
49 17200
50 20100
51 18700
52 18700
53 28900
54 21000
55 21100
56 22900
57 22700
58 23000
59 23900
60 28100
61 34400
62 27500
63 28500
64 28200
65 29100
66 29600
67 31800
68 31200
69 31800
70 37000
71 36700
72 37600
73 38600
74 38900
75 37700
76 38500
77 39000
78 40800
79 42300
80 46700
81 45100
82 47000
83 48900
84 69700
85 49600
86 50400
87 50600
88 52300
89 53100
90 74200
91 70600
92 73300
93 76100
94 107000
95 79100
96 77000
97 73000
98 96700
99 75600
100 78300
101 68200
102 75000
103 70900
104 71000
105 86800
106 89300
107 111500
108 98100
109 92400
110 154300
111 243200
112 487900
113 105200
114 106000
115 107600
116 91200
117 92500
118 104800
119 103700
120 99800
121 98100
122 107800
123 97700
124 101300
125 105600
126 129100
127 105800
128 107800
129 634100
130 305400
131 196400
132 124800
133 168800
134 147900
135 143700
136 139400
137 130500
138 124700
139 136300
140 150800
141 153100
142 140000
143 155100
144 138700
145 177500
146 172700
147 171600
148 178900
149 147200
150 152700
151 158800
152 148000
153 149900
154 172500
155 161500
156 193700
157 233800
158 186500
159 171500
160 188900
161 183600
162 175900
163 177900
164 181200
165 181600
166 190100
167 186300
168 278200
169 191500
170 232500
171 193200
172 191600
173 205300
174 192700
175 195400
176 204900
177 198400
178 237500
179 212600
180 257000
181 243100
182 284800
183 229800
184 215200
185 219000
186 233300
187 221100
188 230000
189 226700
190 247700
191 249900
192 234200
193 258800
194 238800
195 246700
196 256800
197 249400
198 244600
199 306800
200 267000
201 254200
202 288600
203 267700
204 283100
205 366400
206 287500
207 287200
208 418300
209 288800
210 287100
211 285300
212 297200
213 308200
214 320500
215 305300
216 301300
217 314600
218 304400
219 310800
220 321200
221 335700
222 317900
223 324100
224 321000
225 424700
226 327700
227 347500
228 338300
229 353400
230 343200
231 362500
232 356000
233 364500
234 364900
235 351400
236 357700
237 364200
238 360700
239 405300
240 435100
241 381200
242 427200
243 376500
244 390100
245 380300
246 391100
247 408200
248 423900
249 398300
250 437700
251 444300
252 427100
253 430700
254 426700
255 444800
256 407700
257 437800
258 432400
259 456200
260 493700
261 455600
262 529900
263 642500
264 1096900
265 596900
266 576000
267 691600
268 464400
269 512400
270 589600
271 466600
272 494400
273 491300
274 501500
275 545100
276 509600
277 522200
278 502600
279 625700
280 588900
281 555100
282 529200
283 533100
284 533400
285 532900
286 535000
287 517100
288 543400
289 536600
290 534700
291 530300
292 528200
293 544800
294 546100
295 546800
296 571100
297 638700
298 551300
299 554400
300 589400
301 589400
302 595500
303 600400
304 602400
305 661600
306 651700
307 674000
308 632200
309 630600
310 634300
311 649700
312 666400
313 827000
314 840100
315 663000
316 663400
317 653500
318 671200
319 683900
320 753400
321 651900
322 679600
323 685500
324 683700
325 660000
326 690000
327 694300
328 698900
329 714200
330 697700
331 681000
332 718500
333 722500
334 1072200
335 734400
336 725600
337 733700
338 717200
339 740200
340 764400
341 841500
342 754400
343 760900
344 758700
345 779400
346 758300
347 875600
348 784000
349 787200
350 924000
351 1025200
352 940400
353 1218700
354 795000
355 884800
356 831700
357 813100
358 958400
359 857000
360 886400
361 925100
362 828700
363 1335000
364 1059500
365 1096100
366 1311600
367 875300
368 862600
369 1181200
370 846400
371 1312600
372 864500
373 847800
374 1289800
375 901800
376 901600
377 939400
378 918500
379 935600
380 902400
381 955300
382 1015900
383 932200
384 1078200
385 964700
386 926500
387 927800
388 985100
389 1253500
390 946800
391 967600
392 1048200
393 994400
394 1073000
395 973100
396 1005400
397 1191200
398 1339900
399 980700
400 1035200
401 1005100
402 1069300
403 1006000
404 1040500
405 1056700
406 1082000
407 1030700
408 1026000
409 1058900
410 1345700
411 1068300
412 1063900
413 1076700
414 1113200
415 1113500
416 1074400
417 1095000
418 1084000
419 1413700
420 1101200
421 1157400
422 1112100
423 1492300
424 1156800
425 1159000
426 1153800
427 1835600
428 1181000
429 1342300
430 1188800
431 1438700
432 1207400
433 1225200
434 1602100
435 1196500
436 1214800
437 1222100
438 1653500
439 1228700
440 1359100
441 1249300
442 1257800
443 1225000
444 1248100
445 1229000
446 1298800
447 1285200
448 1311000
449 1290500
450 1300100
451 1267100
452 1287200
453 1309600
454 1307600
455 1489700
456 1279300
457 1328900
458 2048000
459 1351700
460 1385600
461 1773700
462 1324000
463 1683900
464 1513800
465 1511200
466 1385200
467 1365700
468 1414200
469 1404200
470 1366500
471 1366200
472 1415100
473 1452900
474 1435800
475 1462100
476 1486200
477 1449900
478 1386500
479 1401400
480 1572400
481 1594300
482 1427600
483 2109900
484 1492600
485 1436500
486 1621200
487 1489700
488 1475800
489 1969900
490 1497900
491 1496600
492 1551300
493 1520000
494 1525800
495 1555700
496 1571700
497 1567100
498 1540600
499 1867200
